#! FIELDS time d1 d2 sum
 0.000000 0.378042 0.262581 0.640623
 0.010000 0.375476 0.258727 0.634203
 0.020000 0.375975 0.258431 0.634406
 0.030000 0.374367 0.258921 0.633288
 0.040000 0.379647 0.258387 0.638033
 0.050000 0.384238 0.261997 0.646235
 0.060000 0.386068 0.264770 0.650839
 0.070000 0.380616 0.258645 0.639261
 0.080000 0.376690 0.253804 0.630494
 0.090000 0.374353 0.256680 0.631033
 0.100000 0.371310 0.246570 0.617880
 0.110000 0.375804 0.253577 0.629382
 0.120000 0.379522 0.259201 0.638723
 0.130000 0.382403 0.259167 0.641570
 0.140000 0.381409 0.268100 0.649509
 0.150000 0.374585 0.250645 0.625229
 0.160000 0.369314 0.251786 0.621100
 0.170000 0.368434 0.252458 0.620892
 0.180000 0.368918 0.243475 0.612392
 0.190000 0.369233 0.255914 0.625148
 0.200000 0.373929 0.249762 0.623692
 0.210000 0.374799 0.253966 0.628765
 0.220000 0.369945 0.250226 0.620171
 0.230000 0.373475 0.248747 0.622222
 0.240000 0.375700 0.260881 0.636581
 0.250000 0.380997 0.249793 0.630790
 0.260000 0.380174 0.258711 0.638885
 0.270000 0.380536 0.262725 0.643261
 0.280000 0.378189 0.257252 0.635441
 0.290000 0.375930 0.252084 0.628014
 0.300000 0.377095 0.257171 0.634266
 0.310000 0.371944 0.265661 0.637605
 0.320000 0.375653 0.259153 0.634806
 0.330000 0.377331 0.261599 0.638930
 0.340000 0.380628 0.256212 0.636840
 0.350000 0.382214 0.258448 0.640662
 0.360000 0.382993 0.259135 0.642128
 0.370000 0.387576 0.264434 0.652010
 0.380000 0.387833 0.278207 0.666040
 0.390000 0.386181 0.267358 0.653538
 0.400000 0.377569 0.265800 0.643370
 0.410000 0.373718 0.264085 0.637803
 0.420000 0.377798 0.259480 0.637279
 0.430000 0.377264 0.261202 0.638466
 0.440000 0.383075 0.256723 0.639798
 0.450000 0.380614 0.263337 0.643951
 0.460000 0.383002 0.259776 0.642779
 0.470000 0.381138 0.254256 0.635394
 0.480000 0.380872 0.265176 0.646048
 0.490000 0.382555 0.263589 0.646143
 0.500000 0.378856 0.267256 0.646112
 0.510000 0.383381 0.263862 0.647243
 0.520000 0.383186 0.260144 0.643330
 0.530000 0.387783 0.266307 0.654090
 0.540000 0.387501 0.265987 0.653487
 0.550000 0.386988 0.270302 0.657290
 0.560000 0.385070 0.262594 0.647664
 0.570000 0.376331 0.261198 0.637529
 0.580000 0.375249 0.253171 0.628419
 0.590000 0.376058 0.259516 0.635574
 0.600000 0.377464 0.260417 0.637881
 0.610000 0.374504 0.255287 0.629791
 0.620000 0.374712 0.262138 0.636849
 0.630000 0.378552 0.257249 0.635801
 0.640000 0.376704 0.268024 0.644729
 0.650000 0.379357 0.265642 0.644999
 0.660000 0.381106 0.259323 0.640429
 0.670000 0.381962 0.265313 0.647275
 0.680000 0.381408 0.252445 0.633853
 0.690000 0.378012 0.262716 0.640727
 0.700000 0.382064 0.256113 0.638177
 0.710000 0.381895 0.263504 0.645399
 0.720000 0.386025 0.266424 0.652449
 0.730000 0.383777 0.263346 0.647123
 0.740000 0.386343 0.275562 0.661905
 0.750000 0.388514 0.264439 0.652953
 0.760000 0.381742 0.270071 0.651813
 0.770000 0.376192 0.259253 0.635445
 0.780000 0.372137 0.254831 0.626968
 0.790000 0.374600 0.259393 0.633993
 0.800000 0.377746 0.258910 0.636656
 0.810000 0.381515 0.267964 0.649479
 0.820000 0.386246 0.264638 0.650884
 0.830000 0.384171 0.269546 0.653716
 0.840000 0.385160 0.268599 0.653758
 0.850000 0.381584 0.261063 0.642647
 0.860000 0.379317 0.260336 0.639652
 0.870000 0.379777 0.253931 0.633708
 0.880000 0.376574 0.255383 0.631957
 0.890000 0.379368 0.258949 0.638317
 0.900000 0.378711 0.260995 0.639706
 0.910000 0.384026 0.259986 0.644012
 0.920000 0.380613 0.258615 0.639228
 0.930000 0.380216 0.262193 0.642409
 0.940000 0.383131 0.264939 0.648070
 0.950000 0.382026 0.258966 0.640991
 0.960000 0.382467 0.264074 0.646541
 0.970000 0.375130 0.262602 0.637732
 0.980000 0.378320 0.259032 0.637352
 0.990000 0.378218 0.261614 0.639832
 1.000000 0.380436 0.263016 0.643452
